Initial state: 3,4,3,1,2
After  1 day:  2,3,2,0,1
After  2 days: 1,2,1,6,0,8
After  3 days: 0,1,0,5,6,7,8
After  4 days: 6,0,6,4,5,6,7,8,8
After  5 days: 5,6,5,3,4,5,6,7,7,8
After  6 days: 4,5,4,2,3,4,5,6,6,7
After  7 days: 3,4,3,1,2,3,4,5,5,6
After  8 days: 2,3,2,0,1,2,3,4,4,5
After  9 days: 1,2,1,6,0,1,2,3,3,4,8
After 10 days: 0,1,0,5,6,0,1,2,2,3,7,8
After 11 days: 6,0,6,4,5,6,0,1,1,2,6,7,8,8,8
After 12 days: 5,6,5,3,4,5,6,0,0,1,5,6,7,7,7,8,8
After 13 days: 4,5,4,2,3,4,5,6,6,0,4,5,6,6,6,7,7,8,8
After 14 days: 3,4,3,1,2,3,4,5,5,6,3,4,5,5,5,6,6,7,7,8
After 15 days: 2,3,2,0,1,2,3,4,4,5,2,3,4,4,4,5,5,6,6,7
After 16 days: 1,2,1,6,0,1,2,3,3,4,1,2,3,3,3,4,4,5,5,6,8
After 17 days: 0,1,0,5,6,0,1,2,2,3,0,1,2,2,2,3,3,4,4,5,7,8
After 18 days: 6,0,6,4,5,6,0,1,1,2,6,0,1,1,1,2,2,3,3,4,6,7,8,8,8,8

start with 3
18 - 4 = 14 / 7 =2  (3)
14 - 9 = 5 / 7 < 1  (1)
3 generation 1
1 generation 2

3 generation 1
1 generation 2
=================
8 + 2 = 10

start with 4
18 - 5 = 13 / 7 = 1 (2)
13 - 9 = 4 < 7      (1)
2 generation 1
1 generation 2
=================
3 + 1 = 4

18 - 2 = 16 / 7 = 2 (3)
16 - 9 = 7 / 7 =1   (2)
9 - 9 = 0           (1)
start with 1
3 generation 1
3 generation 2
=================
6 + 1 = 7

18 - 3 = 15 / 7 = 2 (3)
15 -9 = 6 / 7 = 0   (1)
start with 2
3 generation 1
1 generation 2
=================
4 + 1 = 5

10 + 4 + 7 + 5 = 26

2,4,1,5,1,3,1,1,5,2,2,5,4,2,1,2,5,3,2,4,1,3,5,3,1,3,1,3,5,4,1,1,1,1,5,1,2,5,5,5,2,3,4,1,1,1,2,1,4,1,3,2,1,4,3,1,4,1,5,4,5,1,4,1,2,2,3,1,1,1,2,5,1,1,1,2,1,1,2,2,1,4,3,3,1,1,1,2,1,2,5,4,1,4,3,1,5,5,1,3,1,5,1,5,2,4,5,1,2,1,1,5,4,1,1,4,5,3,1,4,5,1,3,2,2,1,1,1,4,5,2,2,5,1,4,5,2,1,1,5,3,1,1,1,3,1,2,3,3,1,4,3,1,2,3,1,4,2,1,2,5,4,2,5,4,1,1,2,1,2,4,3,3,1,1,5,1,1,1,1,1,3,1,4,1,4,1,2,3,5,1,2,5,4,5,4,1,3,1,4,3,1,2,2,2,1,5,1,1,1,3,2,1,3,5,2,1,1,4,4,3,5,3,5,1,4,3,1,3,5,1,3,4,1,2,5,2,1,5,4,3,4,1,3,3,5,1,1,3,5,3,3,4,3,5,5,1,4,1,1,3,5,5,1,5,4,4,1,3,1,1,1,1,3,2,1,2,3,1,5,1,1,1,4,3,1,1,1,1,1,1,1,1,1,2,1,1,2,5,3
